3975
0	1	0
0	2	1
0	2	1
0	3	1
0	3	1
0	4	2
5	6	0
5	7	3
0	8	4
0	8	4
9	10	5
9	11	3
12	13	0
12	14	5
12	14	6
15	12	7
12	15	7
12	16	8
12	17	8
18	19	9
12	20	7
12	21	7
12	22	7
12	23	7
12	24	7
25	26	0
25	27	0
25	28	10
29	25	11
30	25	11
31	25	11
32	25	11
33	25	12
34	25	12
35	25	12
36	25	12
37	25	12
38	25	12
38	25	11
39	25	11
39	40	13
41	25	11
64	65	0
64	66	5
64	67	25
64	68	7
64	68	26
64	68	27
64	69	28
64	70	29
64	70	30
64	71	31
72	73	0
72	74	0
75	76	32
77	78	33
77	79	33
80	81	0
80	82	34
80	83	0
83	84	35
85	86	0
87	88	36
89	90	37
87	91	37
87	92	37
87	93	37
87	94	37
87	95	37
96	97	0
96	98	38
96	99	39
96	100	40
96	101	41
96	102	42
96	103	43
96	104	44
116	117	0
116	118	50
116	119	50
120	121	51
116	122	52
116	123	53
116	124	54
116	125	55
116	126	56
116	127	56
116	128	56
116	129	56
116	130	56
116	131	56
116	132	56
116	133	57
116	134	57
135	136	58
137	136	58
136	138	0
136	139	3
136	140	52
136	141	59
136	142	60
143	142	61
141	143	60
136	143	60
141	143	60
140	144	62
145	146	63
147	145	64
136	147	60
135	136	65
135	148	66
135	149	67
135	150	68
137	135	65
136	151	69
145	152	70
153	154	0
153	155	50
153	156	71
157	153	72
158	153	72
159	153	72
157	160	3
158	161	3
159	162	3
157	163	52
163	164	72
164	165	52
157	164	73
170	171	0
170	172	75
170	173	44
170	174	76
170	175	77
170	176	77
177	170	78
178	170	78
179	180	0
179	181	79
179	182	79
179	183	79
179	184	80
179	185	81
179	186	82
187	188	75
187	189	44
190	187	83
191	187	78
192	187	78
170	171	0
170	193	75
170	194	44
170	195	76
170	196	78
197	170	77
174	170	77
198	199	0
198	200	84
198	201	84
198	202	79
198	203	85
198	204	86
198	205	87
198	206	87
198	207	87
198	208	87
198	209	88
198	210	0
214	215	0
214	216	91
214	217	0
218	219	92
219	220	0
219	221	93
219	222	93
223	219	94
223	219	95
224	219	96
225	219	97
219	226	98
227	219	99
219	40	100
228	218	101
218	229	102
218	230	103
218	231	104
218	232	105
233	215	0
233	234	106
233	235	85
233	236	107
236	237	99
238	236	72
238	239	108
233	240	109
233	241	110
241	242	3
243	244	111
233	245	112
246	247	113
246	248	113
233	249	114
264	265	0
264	266	0
267	264	106
268	264	115
264	269	123
264	270	124
264	271	125
264	272	126
264	273	127
274	275	128
276	264	106
264	277	129
264	278	130
264	279	131
278	280	132
279	280	133
278	281	134
282	283	135
283	284	0
283	285	136
283	286	0
283	287	137
288	283	138
288	289	85
288	290	139
288	291	139
283	292	140
293	283	50
293	294	3
295	283	50
295	296	3
283	297	140
320	321	147
322	323	148
320	324	23
325	326	149
326	327	150
320	328	151
328	329	152
330	331	153
330	332	152
330	333	154
330	48	155
330	48	156
330	334	113
330	335	157
336	337	32
338	336	158
336	339	159
336	340	159
336	341	159
342	336	160
48	336	161
336	343	162
343	344	163
343	345	163
343	346	163
343	347	163
343	348	163
349	350	164
351	352	165
353	352	165
354	355	166
356	357	167
358	359	85
360	361	168
362	363	169
364	365	170
48	365	171
366	336	172
374	375	0
374	375	0
374	376	176
374	377	52
374	378	28
378	375	0
374	379	10
374	380	10
374	381	177
374	382	177
374	376	6
374	383	178
374	384	178
374	385	178
385	386	179
374	387	74
387	388	180
389	390	0
389	391	181
389	392	181
389	393	52
389	394	182
395	392	183
396	397	184
397	398	184
389	399	185
400	391	25
400	401	186
402	403	187
404	405	188
404	406	32
404	407	189
404	408	190
404	409	190
410	411	191
412	413	192
412	414	192
404	415	193
404	416	194
404	417	195
404	418	196
419	420	197
392	421	198
430	431	87
430	432	0
433	434	93
433	435	205
435	433	206
436	437	207
433	438	44
439	430	208
430	431	209
430	440	210
430	441	211
441	442	0
430	443	88
430	444	88
430	445	88
446	430	212
430	447	213
448	449	87
448	432	0
450	451	214
450	452	85
450	453	215
454	455	85
456	455	85
450	457	216
458	459	214
460	461	217
462	463	218
464	461	219
448	465	220
448	466	85
448	467	221
467	468	93
448	469	222
469	470	93
448	471	223
448	472	224
448	473	225
448	474	74
448	446	226
483	484	0
483	485	7
483	486	7
483	487	7
483	488	7
483	489	7
483	490	7
483	491	7
483	492	5
483	493	25
483	494	6
495	494	6
496	494	6
495	485	7
496	485	7
497	494	6
497	491	7
483	106	0
498	499	0
498	500	5
500	501	227
498	502	7
498	485	7
498	503	7
498	504	7
498	505	7
498	506	228
506	507	176
508	106	0
508	485	7
508	485	7
508	509	3
510	511	0
510	485	7
510	512	7
510	513	7
510	514	5
510	515	229
516	517	230
510	518	231
510	519	232
520	521	0
520	522	5
520	523	25
520	524	25
520	485	7
520	525	7
520	526	6
526	485	138
537	538	32
537	539	241
537	540	242
537	541	242
537	542	243
537	543	243
537	544	243
537	545	243
537	546	243
537	547	243
537	548	243
537	549	243
537	550	244
537	551	245
537	552	246
537	553	74
553	554	3
553	555	247
553	556	248
553	557	248
558	559	0
558	560	0
558	561	7
561	562	249
558	563	250
564	565	251
566	567	252
568	106	0
568	569	5
568	570	7
568	571	7
568	572	7
568	573	7
568	574	7
568	575	7
568	576	7
568	577	253
577	578	93
577	579	254
579	571	45
577	580	255
577	581	256
581	572	45
584	585	0
584	586	119
584	586	258
584	587	84
588	337	0
588	589	259
588	590	159
588	591	159
588	592	159
593	594	260
595	596	261
595	344	262
595	345	262
595	346	262
595	597	262
348	598	263
599	600	264
601	602	265
603	602	266
604	355	165
605	355	165
354	355	165
606	607	267
608	357	268
609	358	269
610	611	269
612	611	270
362	363	169
613	365	170
614	365	271
615	616	272
617	615	273
618	336	274
619	620	275
619	621	276
622	623	268
624	623	268
625	624	277
625	622	277
625	626	277
627	628	278
627	629	278
627	630	278
627	631	278
627	632	278
650	651	32
650	652	282
652	653	282
653	654	282
650	655	283
655	656	68
655	652	284
655	657	284
655	658	285
655	659	286
660	661	68
660	662	68
663	664	287
665	666	288
667	668	289
669	667	290
670	667	290
667	671	291
672	667	292
673	667	292
674	667	292
675	667	292
676	667	292
663	667	120
667	677	75
667	678	93
679	680	0
679	673	119
679	161	85
681	679	293
679	682	294
679	683	295
684	685	0
684	686	296
684	56	21
684	687	297
684	688	298
684	673	299
698	699	32
698	700	307
698	701	308
698	702	309
703	704	310
705	706	311
707	708	312
709	710	313
711	712	314
711	713	282
714	715	315
711	716	316
711	717	317
718	719	23
718	720	23
718	721	318
718	722	318
718	723	318
718	724	318
725	726	319
726	727	320
711	728	91
729	730	0
729	731	321
729	732	0
729	733	322
729	734	323
734	735	93
729	736	324
729	737	325
729	738	326
729	739	327
751	752	74
753	752	74
751	754	74
755	754	74
756	754	329
756	757	330
758	754	174
753	754	74
754	759	331
754	760	332
754	761	333
762	754	300
763	754	334
764	754	300
754	765	334
754	766	334
754	767	335
768	751	336
768	769	264
768	756	337
756	768	338
768	758	174
768	753	205
768	770	331
768	771	332
768	772	339
768	773	334
768	774	334
768	763	335
768	764	340
768	764	95
785	786	32
785	787	348
787	788	349
789	790	350
785	791	351
785	792	351
793	794	352
795	796	32
795	797	353
798	799	354
800	801	355
800	802	356
803	804	357
795	805	358
795	30	359
806	807	360
806	808	0
807	809	361
807	810	362
807	811	323
812	813	82
813	814	363
813	815	75
813	481	364
813	816	44
813	817	93
818	819	365
820	821	365
833	834	366
835	836	366
837	838	367
839	840	32
839	841	368
839	842	68
839	843	369
839	844	370
839	845	370
839	846	68
847	848	32
847	849	371
850	851	372
850	852	373
853	854	374
855	856	120
857	858	47
856	859	375
860	861	376
860	862	330
876	877	75
876	878	44
876	879	83
876	880	93
876	881	93
876	882	93
876	883	76
876	884	78
876	885	77
885	886	83
886	887	93
886	888	24
886	889	384
890	876	385
890	891	330
890	892	381
893	888	386
893	894	387
894	890	323
893	895	0
893	896	388
893	897	72
893	898	389
899	900	75
899	901	44
899	902	24
899	887	93
899	903	93
899	904	93
899	890	390
905	899	391
899	885	392
899	886	392
899	906	392
885	907	24
886	907	24
906	907	24
906	886	393
906	899	393
908	909	75
908	910	44
908	911	93
922	923	15
922	924	93
922	925	398
922	926	399
922	927	95
922	928	399
922	929	95
922	928	399
922	930	95
922	931	399
932	48	15
932	933	93
932	934	95
932	934	95
932	935	95
932	936	400
932	937	401
932	160	400
932	230	402
932	938	400
932	939	402
932	940	400
932	941	401
932	296	400
932	942	403
932	943	404
944	945	0
944	946	405
944	947	406
944	948	407
949	944	408
950	944	408
950	951	409
944	952	3
953	48	15
953	954	76
954	955	410
954	956	411
953	957	78
953	958	412
953	959	412
973	974	0
975	976	417
977	973	418
977	978	0
979	980	419
979	973	420
979	981	421
982	983	0
982	984	422
977	982	418
977	985	0
986	987	423
988	989	424
990	991	424
992	993	0
994	992	425
992	995	126
992	977	426
975	996	0
997	975	6
998	975	31
975	999	427
975	1000	428
1009	1010	0
1011	1009	433
1012	1009	434
1012	1013	435
1009	1014	405
1009	1015	320
1016	1009	28
1017	1009	436
1018	1010	0
1018	1019	3
1018	1014	405
1018	1020	320
1021	1018	437
1022	1021	438
1018	1023	436
1018	1024	439
1009	1018	206
1014	1025	405
1026	1027	440
1028	1027	440
1029	1027	440
1030	1031	0
1030	1032	441
1030	1033	442
1030	1034	442
1030	1035	442
1030	1036	442
1030	1037	442
1038	1030	443
1030	1039	3
1030	1040	444
1030	1041	444
1030	1042	444
1030	1043	444
1030	1044	444
1045	1046	185
1030	1047	444
1030	1048	444
1030	1049	3
1030	1050	444
1030	1051	444
1030	1052	444
1030	1053	444
1030	1054	444
1055	1056	3
1083	1084	459
1085	1086	185
1085	1087	185
1085	1088	185
1085	1089	185
1085	1090	185
1091	1092	460
1093	1092	460
1092	1094	461
1083	926	462
1083	1095	12
1083	1096	12
1083	1097	12
1083	1098	264
1099	1100	32
1099	1101	463
1083	1102	106
1103	1102	106
1103	928	3
1103	1104	99
1103	1105	464
1084	1106	465
1107	1084	11
1108	1109	0
1110	1111	0
1110	1112	466
1110	1084	467
1113	1114	0
1113	928	3
1108	1115	0
1110	1108	431
1116	1083	468
1116	1107	469
1116	1117	470
1116	1118	471
1119	1120	0
1121	1122	10
1119	1123	472
1119	230	473
1119	1124	10
1119	1125	474
1119	1126	474
1127	1128	93
1127	1129	475
1127	232	476
1139	1140	0
1139	1141	5
1139	1142	35
1142	1143	0
1144	1145	481
1146	1147	482
1148	1149	483
1148	1150	75
1148	1151	15
1148	1152	93
1148	1153	484
1148	1154	0
1148	1155	485
1156	1157	486
1158	1148	487
1159	1160	486
1148	1161	488
1148	1162	489
1163	1164	185
1148	1165	488
1166	1167	0
1166	1168	3
1166	1169	486
1166	1157	486
1170	1171	490
1172	1173	490
1174	1175	0
1174	554	3
1174	1176	491
1174	1157	492
1177	1178	490
1179	1180	68
1181	1182	493
1181	1183	284
1181	1184	494
1181	1185	286
1190	1191	0
1190	1039	3
1190	1192	495
1190	1193	495
1190	1194	495
1195	1196	0
1195	1197	496
1195	1198	126
1195	1199	495
1195	1200	495
1201	1202	0
1201	1195	497
1201	1049	3
1203	1204	0
1203	294	85
1205	1203	119
1203	1206	99
1203	1207	498
1208	1209	44
1208	1210	499
1208	1211	0
1208	1212	500
1213	1212	501
1208	1214	205
1215	1216	502
1208	1217	503
1218	1219	93
1198	1220	0
1198	1221	391
1198	1222	391
1198	1223	0
1224	1225	0
1224	1197	6
1233	1234	72
1235	1236	406
1236	1234	300
1234	1237	505
1237	1238	93
1234	1239	174
1234	1240	506
1234	1241	507
1242	1243	508
1244	1234	300
1234	1245	264
1234	1246	334
1234	1247	334
1234	1248	334
1234	1249	509
1250	1234	510
742	1234	510
1251	1234	511
1234	1252	32
1253	1234	510
1254	1255	512
1256	1257	513
1258	1257	513
1259	1260	514
1234	1261	32
1234	1262	32
1233	1263	515
1264	1263	516
1265	1263	68
1276	1277	0
1276	1278	518
1276	1279	519
1276	1280	74
1280	1281	520
1280	1282	520
1276	1283	3
1284	1285	74
1284	1286	32
1284	1287	32
1284	1288	521
1284	1289	521
1290	1291	448
1284	1292	522
1284	1293	523
1276	1294	524
1276	1295	524
1296	1297	525
1297	1298	68
1297	1299	526
1297	1300	527
1296	1301	528
1311	1312	0
1311	1313	535
1311	1314	536
1315	1311	537
1316	1311	537
1317	1311	537
1311	1318	537
1319	1311	538
1320	1311	538
1321	1311	538
1322	1311	538
1323	1311	538
1324	1325	0
1324	1324	539
1324	1326	209
1326	1327	540
1327	1328	68
1327	1329	526
1327	1330	541
1326	1331	542
1332	1333	68
1332	1334	543
1335	1336	314
1335	1337	32
1335	1338	544
1335	1339	545
1340	1328	68
1340	1341	546
1340	1342	546
1340	1334	546
1343	1344	0
1344	1327	119
1344	1345	547
1346	867	548
1349	1350	0
1349	1351	550
1349	1352	551
1349	1353	3
1349	1354	52
1349	1355	0
1349	1352	50
1349	1356	552
1349	1357	553
1349	1358	553
1349	1359	553
1360	1361	554
1362	1363	555
1362	1364	0
1362	1365	185
1366	1367	304
1368	1369	556
1370	1371	0
1372	1373	557
1374	1375	558
1376	1374	410
1380	1381	32
1380	1382	185
1380	1383	185
1382	1384	559
1383	1384	559
1382	1385	560
1383	1386	560
1382	1387	561
1383	1387	561
1382	1388	562
1383	1389	563
1390	1391	32
1392	1393	564
1394	1395	23
1394	1396	565
1397	1394	566
1398	1394	566
1399	1394	566
1390	1400	567
1401	1402	31
1403	1404	568
1405	1406	0
1407	1405	425
1408	1405	425
1409	1405	425
1410	1405	6
1409	1405	6
1411	1405	74
1411	1405	74
1405	1412	0
1413	1414	464
1413	1415	569
1413	1416	570
1413	1417	571
1418	1419	0
1418	1420	496
1418	1421	572
1418	1422	573
1418	1423	574
1426	1427	32
1426	1428	575
1426	1429	575
1426	1430	575
1426	1431	575
1426	1432	23
1433	1434	576
1433	1435	577
1436	1437	578
1438	1439	32
1438	1440	579
1438	1441	580
1438	1442	581
1438	1443	582
1443	1444	583
1445	1443	205
1446	1443	205
1438	1447	181
1448	1449	84
1448	1450	0
1448	1451	72
1448	1452	323
1453	375	0
1453	256	3
1453	1454	106
1453	1455	106
1456	1457	0
1456	1168	3
1456	1454	106
1456	1458	106
1471	1472	0
1473	1471	587
1474	1475	21
1474	1476	588
1477	1471	589
1477	1471	590
1471	1478	591
1479	1478	592
1479	1480	593
1481	1482	594
1482	1483	595
1484	1485	75
1484	1486	44
1484	913	15
1484	1487	93
1484	887	93
1484	1488	596
1489	1484	181
1489	1490	0
1491	1492	15
1491	1487	93
1491	1493	93
1491	1494	488
1495	1478	300
1496	1478	597
1497	1498	363
1499	1500	0
1501	1499	300
1499	1502	229
1503	1504	93
1520	48	24
1520	1521	93
1520	222	93
1520	1522	93
1520	1523	93
1520	1524	2
1524	40	3
1524	1525	607
1520	1526	50
1526	1527	10
1526	1528	608
1526	1529	609
1529	1530	218
1531	1532	0
1531	1533	5
1531	1534	7
1531	486	7
1531	1535	7
1531	1536	7
1531	1537	7
1531	1538	7
1531	1539	7
1531	1540	610
1531	423	3
1531	1541	228
1531	1542	0
1543	48	15
1543	1521	93
1543	1544	93
1543	1545	93
1543	1546	137
1543	1547	137
1543	1548	137
1543	1549	140
1549	1550	488
1543	1551	140
1543	1552	140
1543	1553	567
1553	1554	611
1555	1556	612
1555	1039	613
1563	1564	74
1563	1565	74
1563	1566	74
1563	1567	74
1563	1568	614
1569	1570	0
1569	1571	615
1569	1572	616
1569	1573	616
1569	1574	616
1573	1575	116
1574	1576	116
1569	1577	617
1569	1578	74
1569	1579	618
1576	1570	0
1576	539	85
1576	1580	138
1576	1581	138
1576	1582	138
1576	1574	138
1583	1574	65
1576	1584	10
1576	1585	10
1576	231	619
1576	1586	620
1576	230	621
1587	1588	106
1587	970	3
1589	1576	622
1590	1589	106
1591	1589	106
1592	1589	106
1593	1589	106
1594	1595	0
1594	1596	0
1594	1597	106
1594	294	3
1594	1598	72
1599	160	3
1608	1609	0
1608	1610	229
1611	1608	541
1611	1612	627
1611	1613	627
1611	1608	628
1608	1614	629
1615	1608	630
1611	1616	631
1608	1617	632
1608	481	632
1618	1608	633
1619	1620	0
1619	1621	95
1622	1623	634
1624	1619	635
1625	1619	635
1619	1626	93
1619	1627	93
1619	1628	364
1629	1630	0
1629	1631	93
1629	1632	93
1629	1633	16
1633	1634	0
1633	1611	636
1633	1635	637
1633	1636	638
1633	1637	639
1638	1639	0
1638	1640	304
1667	1668	32
1667	1669	654
1667	1670	654
1667	1671	654
1672	1673	32
1672	1674	655
1672	40	655
1672	1675	656
1672	1676	32
1677	1668	32
1678	1668	68
1678	1679	657
1678	1680	658
1678	1681	659
1678	1682	660
1683	1684	661
1684	1685	662
1678	1686	663
1687	1668	93
1687	1688	363
1687	1689	75
1687	1690	364
1687	1691	44
1692	1687	664
1692	1687	664
1692	1687	5
1687	1693	18
1687	1694	18
1687	1695	18
1696	1697	40
1698	1697	286
1697	1699	665
1700	1687	119
1701	1700	666
1701	1702	667
1703	1668	0
1703	1704	18
1707	1708	0
1707	1709	668
1707	1710	668
1707	1711	221
1707	1712	669
1713	1714	221
1713	1715	669
1716	1717	668
1716	1718	668
1719	1708	0
1719	1720	668
1719	1721	668
1719	1722	668
1723	1724	668
1723	1725	668
1726	1708	0
1726	1727	668
1726	1711	221
1726	1712	669
1726	1728	670
1729	1730	668
1729	1731	668
1729	1732	0
1729	1733	669
1733	1734	205
1735	1736	87
1735	1737	0
1735	1738	671
1754	1755	0
1754	1756	675
1756	1757	282
1758	1754	676
1759	1754	676
1760	1754	676
871	1761	0
1754	1762	72
1763	1764	677
1763	1765	678
1763	1766	0
1763	1767	679
1763	48	680
1763	1768	680
1763	1769	680
1770	1763	681
1771	1763	682
1763	259	683
1763	259	683
1772	1773	386
1774	1763	684
1775	1763	685
1776	1763	685
1777	1778	686
1778	1779	301
1780	1781	301
1782	1783	32
1783	1784	458
1785	1786	687
1787	1788	688
1789	1790	677
1789	1791	678
1789	1790	689
1789	1792	0
1789	1793	690
1801	1802	0
1801	162	85
1801	1803	0
1801	1804	138
1801	1805	138
1801	1804	5
1801	1805	5
1801	1806	84
1806	1801	693
1806	1807	693
1808	1809	694
1808	1810	221
1808	1811	695
1812	1813	93
1814	1812	181
1814	1815	0
1814	1816	74
1814	1817	74
1818	1812	664
1819	1812	664
1820	1812	664
1821	1812	664
1822	1812	664
1812	1823	696
1812	1824	312
1812	1825	697
1826	1827	0
1828	1826	664
1826	1829	137
1826	1830	18
1826	1831	698
1826	1832	698
1826	1833	698
1826	1834	99
1835	1836	0
1839	1840	0
1839	654	21
1841	1842	699
1841	1843	699
1842	1844	700
1843	1845	700
1839	1846	701
1846	1847	702
1846	1848	702
1846	1849	702
1839	1850	703
1839	1851	703
1852	1853	0
1852	1854	699
1852	1855	699
1852	654	21
1852	1856	21
1852	1857	0
1852	1858	0
1852	1859	72
1852	428	704
1852	1860	705
1852	1861	705
1852	1862	706
1863	1864	707
1863	1562	707
1863	1865	707
1863	1866	708
1863	1867	709
1863	1868	602
1869	1870	710
1871	1870	710
1872	1870	710
1873	1870	711
1874	1870	711
1875	1870	712
1876	1877	713
1876	1878	713
1876	1879	713
1852	1880	714
1876	1881	0
1882	1883	715
1883	1877	713
1883	1878	713
1883	1879	713
1852	1884	0
1894	1895	75
1894	1896	15
1894	881	93
1894	1897	93
1894	1898	719
1894	1899	0
1894	1900	720
1894	1901	720
1902	1894	296
1903	1894	296
1904	1894	296
1905	1894	721
1894	1906	722
1894	1907	723
1894	1908	377
1894	1909	724
1894	1910	724
1911	1906	11
1894	1912	377
1894	1913	377
1914	1915	725
1914	1916	197
1894	1917	726
1894	1918	727
1894	1919	727
1914	1920	11
1894	1921	726
1922	1923	725
1922	1920	11
1924	1921	728
1894	1925	584
1926	1927	11
1927	1928	729
1927	1900	729
1929	1930	75
1929	56	15
1929	1931	93
1940	1941	0
1940	1942	50
1940	1943	71
1943	1944	282
1940	1945	610
1946	1947	0
1946	1948	731
1943	1946	732
1946	1949	733
1946	1950	734
1946	1951	735
1946	1952	736
1953	1954	0
1953	1955	35
1953	1956	181
1957	1956	119
1953	1958	737
1953	1468	738
1953	1959	739
1960	1953	740
1953	1961	739
1953	1962	739
1963	1953	0
1963	162	3
1964	235	3
1964	1965	316
1966	1967	3
1966	1968	741
1966	1969	742
1970	242	3
1971	1970	387
1972	1973	743
1972	1974	744
1972	1975	745
1972	1976	746
1977	1978	0
1977	1979	32
1980	1981	32
1982	1983	747
1984	1985	693
516	1988	0
1989	516	748
1990	516	748
1991	516	748
1992	516	748
1993	516	748
1994	516	748
516	1995	0
516	1996	0
516	1997	749
1998	1999	84
2000	2001	750
2002	2003	751
516	2004	752
2005	2002	751
2006	2007	85
2008	2009	0
2008	2010	753
516	2011	754
2012	2013	563
2013	2014	755
516	2015	756
516	2016	757
516	2017	757
516	2018	758
2019	2020	759
516	2021	760
516	2022	230
516	2023	761
2024	2025	0
2024	2026	762
2027	2028	763
2027	2029	764
2027	2030	301
2031	2032	765
2031	2033	766
2041	2042	75
2043	2041	770
2041	2044	330
2041	2045	771
2046	2041	772
2041	2047	773
2046	2041	770
2046	2041	774
2041	2048	775
2046	2041	771
2049	2041	776
2041	149	777
2050	2041	774
2051	2052	0
2053	2054	778
2053	2055	74
2051	2056	0
2051	2057	779
2051	2058	780
2051	2059	23
2051	2060	781
2061	2062	782
2061	2051	782
2063	2064	783
2065	2066	218
2067	2068	0
2067	2069	1
2067	2070	1
2067	2071	784
2067	2071	784
2072	2067	772
2073	2067	772
2085	2086	0
2087	2085	793
2088	2085	793
2089	2085	793
2090	2085	793
2091	2085	793
2092	2085	793
2093	2085	793
2085	2094	794
2095	2096	0
2095	2089	794
2095	2089	795
2095	2089	796
2089	2097	65
2095	2098	797
2095	2099	798
2095	2100	799
2101	2102	800
2103	2102	801
654	2104	802
2105	2095	803
2095	2106	804
2107	2108	805
2109	2110	693
2109	2111	806
2109	2098	807
2109	2112	808
2109	2113	809
2110	2114	810
2115	2116	811
2089	2116	72
2087	2116	72
2090	2116	72
2092	2116	72
2085	2116	72
2098	2109	812
2109	2113	809
2109	2117	694
2109	2112	808
2121	2122	0
2121	2123	3
2121	2124	814
2121	2125	814
2121	2126	814
2121	2127	471
2128	2129	0
2130	2131	3
2130	2132	815
2133	2134	815
2135	2136	816
2137	2138	0
2137	2139	106
2137	162	3
2137	2140	185
2137	2141	817
2142	2143	32
2143	2144	818
2143	2145	819
2146	2147	32
2147	2148	818
2147	2149	820
2137	2150	316
2137	2151	821
2137	2152	821
2137	2153	822
2137	2154	823
2155	2156	824
2155	2156	825
2157	2158	820
2159	2157	74
2169	2170	75
2169	1651	15
2169	2171	93
1650	2169	94
2169	2172	1
2169	2173	1
2169	2174	830
2169	2175	95
2169	2176	831
2177	2169	94
2178	2169	94
2179	2169	832
2179	2169	833
2180	2169	94
2169	1621	95
1621	2181	617
2182	2183	834
2179	2184	835
2183	2185	252
2185	2186	836
2187	2183	837
923	2183	838
1475	2183	838
48	2183	838
2183	2188	839
2183	2189	40
2190	2189	840
2183	2191	841
2192	2193	842
2194	2195	75
2196	1651	15
2196	2171	93
2196	2197	843
2223	2224	0
2223	2225	568
2223	2226	568
2223	2227	853
2227	2228	854
2227	1768	854
2227	48	854
2223	2229	855
2223	2230	20
2223	2231	856
2223	2232	23
2223	2233	0
2223	2234	857
2223	2235	858
2223	2236	858
2223	2237	859
2223	2238	860
2223	2239	861
2223	2240	862
2223	2241	863
2223	2242	864
2223	2243	865
2223	2244	866
2223	2245	866
2223	2246	866
2223	2247	867
2223	2248	868
2223	2249	869
2223	2250	870
2223	2251	871
2252	2253	872
2254	2255	873
2256	2257	874
2258	2259	874
2260	2261	32
2260	2262	875
2260	2263	876
2260	2264	877
2260	2265	877
2274	2275	0
2274	2276	883
2274	2277	884
2274	2278	885
2274	2279	886
2274	2280	887
2274	2281	888
2274	2282	889
2274	2283	890
2274	2284	891
2274	2285	892
2274	2286	893
2287	2288	894
2289	2290	895
2289	2291	0
2292	2289	896
2289	2293	897
2289	2294	0
2289	2295	218
2296	2297	550
2296	2298	0
2296	2299	0
2296	2300	898
2296	2301	898
2296	2302	898
2296	2303	898
2296	1562	898
2296	2304	898
2296	2305	898
2296	2306	899
2296	2307	95
2296	2308	95
2296	2309	95
2296	2310	95
2339	2340	95
2341	2340	915
2340	2342	337
2342	2343	330
2339	2342	916
2340	2344	174
2345	2340	616
2342	2346	917
2342	2347	917
2348	2340	918
2349	2350	95
2351	2350	915
2350	2352	337
2352	2353	330
2350	2354	174
2350	2345	919
2350	2355	331
2350	2356	332
2350	2357	920
2350	2358	921
2350	2359	922
2350	2360	921
2350	2361	923
2350	2362	921
2363	2349	924
2363	769	264
2363	2352	505
2352	2364	93
2363	2354	174
2363	2345	919
2363	2365	331
2381	2382	0
2381	2383	91
2381	2384	138
2381	2385	44
2386	2387	44
2381	2388	931
2389	2390	0
2389	2391	91
2389	2392	289
2389	2393	289
2394	2395	0
2394	2396	932
2397	2042	933
2397	2398	934
2398	2399	935
2391	2400	936
2401	2402	0
2401	2403	937
2401	2404	304
2405	2406	63
2406	2407	938
2406	2408	939
2401	56	21
2409	2410	0
2409	2411	386
2409	2412	72
2409	2413	138
2414	2415	63
2416	2417	63
2416	2418	63
2419	2420	0
2419	2421	79
2433	2434	32
2433	2435	816
2433	2436	559
2433	2437	575
2433	2438	945
2433	2439	945
2433	2440	945
2433	2441	945
2433	2442	10
2433	379	10
2433	2443	946
2433	2444	946
2433	2445	946
2433	2446	946
2433	2447	177
2448	2449	177
2448	2450	947
2448	2450	948
2438	2451	949
2438	2452	949
2453	2438	950
2453	2454	951
2455	2438	952
2455	242	3
2456	2455	953
2456	2438	496
2456	2457	496
2457	2458	954
2455	2457	818
2438	2459	12
2460	2459	25
2461	2459	25
2438	2462	227
2463	2462	25
2464	2465	955
2465	2466	3
2465	2464	182
2465	2467	182
2438	2468	566
2438	2469	566
2470	2471	956
2472	2438	957
2472	2473	958
2474	242	3
2486	2487	0
2486	2488	809
2489	2490	959
2486	2491	0
2486	2492	960
2493	2494	961
2495	2496	960
2497	48	725
2497	2498	725
2486	2499	962
2500	2501	316
2486	2502	963
2502	2503	316
2504	2505	964
2506	2507	85
2506	2508	965
2506	2509	0
2506	1958	966
2506	2510	966
2506	2511	966
2506	2512	966
2506	2513	229
2506	2514	229
2515	2516	967
2517	2516	967
2518	2516	967
2519	2520	325
2519	2521	968
2519	2522	969
2519	2523	182
2519	2524	970
2519	2525	970
2519	2526	970
2519	2527	970
2519	2528	970
2519	2529	971
2519	2530	972
2531	2532	32
2533	2531	973
2533	2534	973
2544	2545	0
2544	2546	35
2546	2547	50
2544	2548	0
2544	2549	975
2544	2547	25
2544	2550	181
2551	2552	0
2551	2553	35
2551	2554	976
2551	2555	977
2551	2556	978
2551	2557	978
2551	2558	6
2551	2522	979
2559	2560	95
2561	2562	0
2561	2563	35
2561	2564	980
2561	2565	981
2561	2566	982
2561	2567	983
2561	2568	984
2561	2569	985
2561	2570	10
2561	2571	10
2561	2572	10
2561	2573	10
2561	2574	441
2561	2575	986
2576	2577	987
2578	2579	988
2580	2581	0
2580	2582	35
2582	2583	35
2604	2605	284
2604	2606	68
2604	2607	992
2604	2608	993
2604	2609	994
2604	2610	995
2610	2611	153
2604	2612	152
2612	2613	996
2604	2614	997
2614	2605	282
2604	2615	998
2604	2610	999
2604	2616	999
2604	2617	999
2610	2618	0
2619	2620	1000
2610	2604	730
2621	2604	730
2622	2604	730
2623	2622	1001
2623	2624	1002
2625	2626	0
2625	2627	0
2628	2629	1003
2630	2631	1004
2632	2625	1005
2633	2634	310
2635	1039	1006
2636	2625	1007
2637	2638	330
2625	2616	335
2639	2640	1008
2641	2642	1008
2625	2643	1009
2644	2616	1010
2645	2646	517
2622	2647	833
2622	2648	1011
2622	2649	1012
2658	2659	0
2658	2660	79
2660	2661	79
2661	913	79
2658	2662	1023
2658	2663	1024
2658	2664	1025
2658	2665	1026
2658	2666	1026
2666	2667	0
2668	2659	0
2668	2669	79
2669	2670	0
2669	913	79
2668	2671	1027
2672	2668	1028
2673	2668	1028
2668	2674	1029
2668	2675	307
2668	2676	694
2669	2677	1030
2678	2536	0
2678	2679	282
2679	2680	0
2678	2681	0
2678	2682	0
2678	2683	1031
2684	2685	32
2686	2687	977
2686	931	3
2688	2689	1032
2690	2691	1033
2692	2693	1034
2697	2698	1036
2699	2700	32
2699	2701	1037
2699	2702	1038
2699	2703	1039
2704	2705	1040
2706	2707	576
2706	2708	576
2709	2710	1041
2709	2711	1042
2712	2713	32
2712	2714	1041
2712	2715	23
2716	2717	185
2716	2718	185
2716	2719	185
2716	2720	1043
2721	2722	281
2723	2724	1044
2723	2725	861
2723	2726	1045
2727	2728	32
2727	2729	1046
2730	2731	1047
2730	2732	1048
2733	2734	1049
2734	2735	1049
2735	2736	1050
2737	2738	32
2737	2701	1037
2739	2740	0
2739	2741	1051
2739	2742	1052
2739	2743	0
2737	2744	0
2744	2745	0
2763	2764	0
2763	2765	1056
2763	2766	1056
1498	2767	693
2768	2767	32
2769	2770	32
2771	2772	1057
2773	2772	1057
2774	2775	32
2776	2777	1058
2778	2777	1058
2779	2763	113
2780	2781	0
2780	2782	205
2780	2783	150
2784	2785	1059
2786	2784	0
2787	2788	1060
2787	2789	617
2787	2790	1061
2791	1272	1062
2792	2786	0
2787	2784	1063
2792	2793	1063
2780	2794	1064
2780	2787	1065
2795	2796	1066
2780	2797	0
2780	2783	150
2780	2782	1067
2780	294	85
2780	2798	1068
2787	296	85
2787	2780	1069
2780	2799	1070
2799	2792	938
2795	2800	1071
2795	2801	387
2802	2803	0
2811	2812	0
2811	2813	11
2813	2814	11
2814	2815	1074
2814	2816	568
2817	2818	1075
2817	2813	11
2817	2819	1076
2817	694	3
2817	694	1077
2817	2820	1078
2821	2822	431
2823	2822	7
2823	2813	11
2824	2812	0
2825	2824	1079
2824	2826	1080
2824	2827	1080
2824	2828	1081
2813	2829	11
2830	2831	584
2830	2832	584
2830	2833	584
2830	2834	584
2830	2835	584
2830	2836	584
2813	2837	11
2837	692	3
2837	2838	1082
2839	2840	3
2841	2839	106
2839	2842	74
2843	2844	1083
2843	2845	11
2843	2846	440
2847	2848	440
2854	2855	0
2854	2856	18
2854	2857	124
2854	2858	124
2854	2859	124
2854	2860	1085
2861	2862	1086
2863	2864	32
2865	2866	153
2854	2867	1087
2868	2869	0
2868	2870	94
2868	2871	94
2870	2872	0
2871	2873	87
2871	2874	68
2868	2875	1088
2870	2876	1089
2871	2876	1089
2877	2868	1090
2878	2868	1091
2879	2868	1091
2880	2868	1091
2881	2882	450
2881	2883	450
2881	2884	450
2885	2886	1092
2885	2887	1092
2888	2889	32
2888	2890	1093
2857	2891	1094
2892	2893	301
2857	2894	1095
2892	2895	1096
2892	2896	3
2892	2897	607
2898	2899	0
2898	2900	6
2898	2901	5
2898	2902	1097
2916	2917	0
2916	2918	297
2916	2919	387
2920	2921	0
2920	2922	440
2920	2923	1100
2924	2925	450
2920	2926	1101
2927	2928	1102
2920	2929	1103
2916	2930	7
2916	2931	7
2916	2932	7
2916	2930	7
2933	931	1104
2934	2930	206
2934	2935	1021
2935	2936	1105
2937	2938	32
2937	2939	1106
2937	2940	113
2937	2941	113
2937	2942	1107
2937	2943	1108
2944	2918	1109
2944	2945	1110
2944	2946	1111
2944	2947	1112
2944	2948	1113
2949	2950	1114
2951	2952	31
2966	1196	0
2966	2967	176
2966	2968	1117
2966	2969	957
2966	2970	574
2966	2971	1118
2966	2972	574
2966	2973	1118
2966	56	574
2966	2974	6
2966	2975	6
2966	2976	6
2967	2966	1119
2966	386	25
2968	2966	1120
2977	375	0
2978	2979	11
2978	2980	1121
2977	2981	1122
2982	2978	7
2983	2978	7
2977	2984	574
2977	2985	471
2977	2986	471
2977	2987	471
2977	2988	1123
2977	2989	106
2989	2990	667
2990	2977	1124
2977	2991	1125
2992	294	3
2992	2993	1126
2992	2994	1127
2995	2996	0
2995	2997	1128
2995	2998	3
2995	2999	1129
3010	3011	0
3010	3012	1135
3010	3013	1136
3010	3014	1137
3011	3015	1137
3010	3016	496
3010	3017	5
3010	3018	610
3019	2049	1138
3010	3020	7
3010	3021	7
3022	3020	45
3023	3021	45
3010	3024	1139
3010	3025	72
3026	3027	0
3026	3028	979
3026	3029	1140
3026	3030	1141
3030	3031	1142
3026	3032	1141
3032	3033	1142
3026	3034	1141
3034	3035	1142
3026	3036	1141
3036	3037	1142
3038	3039	0
3038	3040	1143
3038	3041	1140
3038	3042	1141
3042	3043	1142
3044	3045	1144
3045	3046	1142
3047	3048	32
3047	3049	189
3047	3050	496
3047	3051	190
3047	3052	190
3047	3053	190
3064	3065	0
3064	3066	0
3067	3068	0
3069	3070	0
3071	3072	1151
3067	3073	617
3067	3074	617
3067	3075	617
3067	3076	617
3067	583	1152
3067	3077	1153
3078	3079	0
3078	3080	875
3078	3081	1154
3078	3082	1155
3078	3083	1156
3078	3084	1157
3085	3086	23
3087	3088	1158
3089	3090	1159
3078	928	1160
3078	3091	1161
3078	3092	1162
3078	3093	1163
3078	3094	1164
3095	3096	401
3097	3098	401
3109	3110	0
3109	3111	1168
3111	3112	52
3109	3113	1169
3109	3114	1170
3109	3115	29
3115	3116	0
3109	3117	1171
3109	3118	0
3109	3119	0
3109	3120	1172
3109	3121	1173
3109	3122	205
3109	3115	1174
3109	508	92
3109	3123	82
3123	3124	1175
3109	3125	205
3109	3126	205
3109	3127	205
3109	3128	205
3109	3129	205
3130	3131	135
3130	3132	24
3130	880	0
3130	3133	1176
3130	3134	1176
3130	3135	1177
3136	3130	431
3137	3130	431
3138	3130	431
3139	3130	431
3140	3130	431
3141	3130	431
3142	3130	431
3143	3130	431
3144	3130	431
3145	3130	1178
3146	3130	1178
3147	3130	1179
3141	3148	0
3141	3140	35
3141	3149	557
3140	3148	0
3140	3112	35
3150	3140	554
3151	3140	6
3152	3140	6
3153	3154	0
3155	3156	0
3157	3156	0
3165	3166	0
3165	3167	1185
3165	867	304
3165	3168	1186
3165	3169	28
3169	3167	1185
3170	3171	0
3172	3173	0
3172	3174	85
3172	3175	72
3175	3176	1187
3177	3178	0
3177	3179	91
3180	3173	0
3180	3181	1188
3182	3180	74
3183	3184	0
3185	3183	74
3183	3186	85
3187	3183	1189
3188	3189	0
3190	3191	0
3190	3192	1190
3200	3201	32
3200	3202	1192
3200	3203	1192
3200	3204	1193
3205	3206	32
3205	3207	1192
3205	3208	540
3208	3209	32
3205	3210	1194
3205	3211	1195
3205	3212	1196
3205	3213	1197
3214	3215	1198
3214	3216	1199
3217	3218	1200
3219	3220	450
3219	3221	450
3219	3222	450
3223	3224	32
3223	3225	1201
3226	3227	32
3223	3228	1202
3229	3230	450
3231	3232	450
3231	3233	450
3231	3234	450
3235	3236	1203
3237	3238	1204
3239	3240	450
3241	3242	1205
3243	3244	32
3245	3246	1206
3247	3248	32
3249	3250	1207
3251	3252	288
3253	3254	32
3255	3256	1208
3255	3257	1209
3258	3259	1210
38	3278	75
38	48	15
38	3279	93
38	3280	93
38	2165	93
38	3281	93
38	222	93
38	3282	93
38	3279	1219
38	775	398
3283	38	25
3284	38	25
3285	38	25
29	38	25
38	3280	730
3286	38	5
3287	38	5
3288	38	5
39	38	5
41	38	5
3283	1168	3
3283	3289	21
3283	3290	10
3283	3291	35
3283	3292	1220
3283	3293	5
3283	3293	25
3283	38	25
3283	38	1221
3294	3295	0
3294	3296	1222
3294	3297	1223
3298	3299	1224
3294	1463	1225
3294	3300	1226
3294	2378	1227
3301	3302	1228
3296	3303	32
3304	3305	1229
3306	3307	112
3308	3309	1229
3310	3311	1229
3311	3312	228
3313	3314	1230
3306	3315	1230
3326	3327	87
3327	3328	0
3327	3329	1235
3330	3329	771
3331	3332	1236
3331	3333	0
3334	3335	602
3334	3336	771
3331	3337	1237
3338	3339	0
3338	3340	1238
3338	3341	1239
3338	3342	602
3338	3343	1240
3338	3344	1241
3338	3345	0
3346	3338	1242
3347	3338	1243
3348	3338	837
3349	3348	1244
3350	3351	0
3329	3350	1245
3330	3350	1245
3350	3352	0
3350	3353	1246
3354	3355	0
3354	3356	1247
3357	3354	206
3354	3357	1248
3358	3359	1249
3360	3361	1250
3329	3360	0
3361	1049	3
3362	3329	0
3362	3363	1251
3370	3371	0
3370	3372	0
3373	3374	23
3370	3375	125
3370	3376	0
3377	3378	0
3370	3379	0
3370	3380	0
3370	3381	0
3370	3382	693
3383	3384	0
3370	3385	0
3370	3386	1254
3387	3388	0
3387	3389	1255
3390	3391	32
3392	3393	32
3394	3395	747
3396	3397	1256
3398	3399	32
3398	3400	1257
3401	3402	32
3398	3403	185
3398	3404	185
3398	3405	185
3398	3406	185
3398	3407	185
3398	3408	185
3398	3409	185
3398	3410	1258
3411	3412	0
3411	3413	87
3414	3415	87
3414	3416	0
3414	3417	1259
3414	3418	568
3428	3429	0
3428	3430	50
3428	3431	50
3431	3432	1
3428	3433	1263
3428	3434	1263
3435	3436	0
3435	3437	139
3435	3438	0
3435	3439	139
3435	3440	139
3435	3441	1264
3435	3442	1264
3435	3443	1264
3435	3444	1264
3435	3445	218
3435	3446	300
3435	3447	617
3435	3448	1265
3435	3449	119
3435	3450	119
3435	3451	1265
3452	3453	0
3452	335	1266
3452	3454	52
3454	3455	1267
3452	2840	3
3452	3456	52
3452	3457	1268
3452	3458	1268
3452	1958	1269
3452	1492	1269
3459	3460	554
3459	3461	554
3459	1353	3
3459	3462	1270
3463	3464	1271
3465	3466	185
3467	3468	1272
3469	3470	1273
3467	3471	1274
3485	3486	0
3485	3487	486
3488	3489	72
3489	3490	1200
3491	3492	1279
3491	3493	1279
3491	3494	1279
3491	3492	1279
3491	3492	1279
3491	3492	1279
3491	3492	1279
3491	3492	1279
3491	3492	1279
3495	3486	0
3495	3487	486
3488	3489	1280
3489	3496	1281
3497	3498	1282
3497	3499	1282
3497	3500	1282
3497	3501	1282
3497	3502	1282
3497	3503	1282
3497	3504	1282
3497	3505	1282
3497	3506	1282
3507	3508	747
3507	3509	1283
3510	3511	1284
3512	3513	1285
3518	3519	1286
3520	3521	0
3520	3522	1287
3520	3523	1288
3520	3524	488
3520	715	1289
3520	3525	1290
3525	3526	363
3525	3527	93
3525	3528	330
3520	3529	209
3520	3530	1291
3520	446	226
3520	162	1292
3531	3532	44
3531	3533	0
3534	3535	0
3534	3536	0
3539	2996	0
3539	3540	126
3541	3539	74
3541	294	3
3539	3542	1293
3539	3543	1293
3544	3545	3
3546	539	3
3547	375	0
3547	3548	1294
3547	3549	1295
3547	3550	52
3547	3551	74
3547	3552	1290
3547	3547	74
3553	3554	0
3553	3555	1120
3553	3556	1120
3553	3557	1120
3553	3558	1296
3553	3559	52
3553	3560	1297
3561	3562	0
3561	3563	92
3561	3564	1298
3561	3565	1299
3561	3566	1300
3561	3567	440
3561	3568	1301
3561	3569	137
3561	3570	137
3561	3571	137
3561	3572	99
3573	3561	94
3574	1425	0
3574	3575	176
3586	3587	0
3588	3586	1304
3586	3589	1305
3586	3590	1306
3586	3591	1306
3586	3592	1306
3586	3593	1306
3586	3594	1306
3586	3595	1306
3586	3596	47
3597	3586	32
3597	3598	48
3599	3600	32
3599	3601	1307
3599	3602	1308
3603	3604	1309
3605	3606	1310
3605	3607	1311
3605	3608	1312
3609	3610	314
3609	928	451
3609	3611	1313
3612	3613	1148
3609	3614	1314
3609	3615	1315
3609	3616	1316
3617	3618	68
3617	3619	785
3617	3620	1317
3617	3621	1318
3617	3622	785
3617	3623	1319
3617	3624	785
3656	3657	18
3656	3658	18
3656	3659	18
3656	3660	18
3656	3661	18
3656	3662	18
3656	3663	18
3656	3530	85
3656	3664	0
3656	3665	1335
3656	3666	18
3656	3667	666
3667	11	940
3656	3668	666
3668	931	940
3669	3656	1336
3670	3671	0
3670	3672	976
3670	3673	1337
3670	3674	300
3675	3676	1338
3675	3677	1338
3670	3678	1339
3678	3679	976
3670	3679	1340
3680	3681	185
3680	3682	185
3683	3684	0
3683	3685	0
3683	1562	21
3686	3683	1341
3687	3683	1341
3688	3683	1341
3689	3683	1341
3690	3683	1341
3691	3683	1341
3692	3683	1341
3693	3683	1341
3694	3683	1341
3683	139	3
3683	3695	119
3696	3697	410
3696	1562	21
3701	3702	32
3701	1049	1093
3701	3703	182
3704	3705	1342
3706	3707	366
3704	3708	1343
3709	3710	1344
3711	3712	32
3711	3713	32
3711	3714	32
3711	3715	32
3711	3716	1345
3717	3718	1346
3717	3719	1347
3717	3720	1347
3717	3721	1347
3711	3722	1348
3711	3723	1349
3724	3725	32
3725	335	1093
3725	3726	1350
3727	3728	32
3728	3729	1351
3753	3754	0
3755	3754	0
3756	3754	0
3757	3758	567
3757	3759	567
3757	3760	567
3758	3761	567
3758	3762	567
3758	3763	567
3758	3764	567
3758	3765	567
3758	3766	567
3758	3767	567
3768	3769	790
3770	3768	1361
48	3771	1362
3772	3771	1362
3771	3773	304
3771	3774	1363
3771	3775	1363
3771	3776	1363
3771	3777	1363
3778	3771	1364
3779	3771	1364
3780	3771	1364
3781	3782	1364
3783	3782	1364
3784	3782	1364
3771	3785	1365
3786	3787	502
3757	3788	1366
3789	2913	75
3789	3790	0
3791	3789	1367
3792	3789	1367
3793	3789	1367
3794	3789	1367
3795	3789	1367
3796	3797	75
3796	3798	0
3796	3799	0
3796	3800	0
3765	3796	299
3801	3796	1368
3802	3796	1369
3815	3816	84
3816	3817	0
3815	3818	85
3815	692	1373
3815	3819	694
3815	3816	1374
3820	3821	0
3820	3822	84
3820	3823	72
3820	3824	1375
3820	3825	1375
3820	3826	182
3820	3827	182
3828	3829	0
3828	3830	1214
3817	3830	854
3831	3828	854
3831	3832	0
3833	3828	854
3834	3828	1376
3831	3835	568
3836	3837	0
3838	3836	74
3839	3836	74
3817	3836	1377
3836	3840	1378
3836	3841	1379
3842	3836	1377
3843	3836	1377
3830	3836	1377
3831	3836	1380
3844	3836	182
3845	3836	182
3846	3847	0
3847	3848	1381
3847	923	1381
3862	3863	32
3862	3864	182
3862	3865	576
3862	3866	576
3862	3867	576
3862	3868	576
3862	3869	576
3870	3871	32
3870	3872	1388
3870	3873	1388
3870	3874	182
3870	3875	1389
3870	3876	1389
3870	3877	1389
3878	3879	0
3880	3878	1390
3881	3880	1336
3882	3883	0
3882	56	21
3882	926	3
3882	3884	52
3885	3886	0
3885	3887	1391
3885	3888	1392
3888	3889	93
3890	3891	1393
3892	3893	0
3892	3894	1394
3892	3895	1395
3915	3916	0
3915	3917	5
3915	3918	25
3915	3919	35
3915	3920	7
3915	3921	7
3915	3922	7
3915	3923	7
3915	3924	7
3925	3926	0
3925	3927	25
3925	3928	5
3925	3929	1403
3929	3930	568
3925	3931	1337
3925	3932	3
3925	3933	72
3933	3934	182
3933	3935	35
3933	3936	549
3928	3937	1404
3925	3938	182
3925	3939	182
3925	3940	182
3925	3941	182
3925	3917	1405
3925	3917	1406
3942	3943	0
3942	3944	7
3944	3945	0
3942	3946	71
3942	3917	5
3947	3948	75
3947	3949	363
3947	880	93
3947	3950	93
3951	3947	486
3952	3947	486
3952	3917	5
3947	3953	1251
3954	3947	1407
3955	106	0
3955	3956	5
3955	3956	25
3955	3956	60
3955	3957	35
3967	3968	0
3967	3969	1409
3969	3970	185
3969	3971	185
3972	3973	0
3974	3975	1410
3974	3976	1410
3974	3977	1411
3978	3979	1412
3978	3980	1413
3978	3981	1413
3982	3983	1414
3984	3985	1049
3978	3986	0
3987	3988	1415
3987	3989	1416
3987	1973	1417
3990	3991	1418
3987	3992	1419
3993	3994	0
3993	3995	1256
3993	3996	1420
3993	3997	1420
3998	3999	0
3998	4000	138
3998	4001	138
4000	4002	0
4001	4003	0
4004	4005	1421
4006	4007	1422
4008	4009	1423
4010	4009	1423
4011	4009	1424
4012	4009	1424
4013	4009	1424
4014	4009	1424
4015	4009	1424
4016	4009	1424
4017	4009	1424
4018	3998	1093
4019	3998	1093
4020	3998	1093
4036	1353	75
4036	4037	15
4036	3958	93
4036	4038	76
4036	2852	1429
4036	4039	1429
4036	4040	112
4036	4041	112
4041	235	3
4042	4043	0
4044	4045	0
4044	4046	1430
4044	4047	1430
4048	509	3
4049	4050	0
4051	4052	976
4053	4052	976
4052	4054	297
4052	4055	1431
4052	4056	1432
4056	4057	1411
4058	4059	188
4058	4060	188
4058	335	743
4058	4061	5
4058	4062	1433
4058	4063	1434
4063	4064	0
4058	4065	1435
4058	4066	1436
4067	4058	486
4058	4068	99
4069	4070	0
4040	4071	0
4072	4073	0
4072	4074	87
4096	251	0
4096	4097	1439
4096	2657	3
4096	4098	182
4099	375	0
4099	4100	0
4099	4101	106
4101	4102	31
4099	4103	74
4104	4105	205
4099	4106	74
4106	4107	249
4108	4109	0
4110	4109	0
4110	2404	3
4110	4111	0
4110	4112	0
4110	4113	1440
4108	4114	182
4110	4114	182
4115	4116	0
4115	3530	3
4115	4117	1439
4115	4118	99
4119	4109	0
4119	4120	3
4119	4121	0
4119	4122	1441
4119	4123	1442
4124	4119	99
4125	4126	0
4137	4138	0
4137	4139	1446
4137	4140	1447
4141	4142	1448
4137	4143	1448
4137	4144	74
4137	4145	74
4137	4146	74
4137	4147	0
4148	4149	1447
4150	4151	0
4150	4152	182
4150	4153	182
4150	4154	182
4155	4156	0
4157	4158	1449
4159	4158	1449
4160	4161	1449
4158	4139	1450
4158	4162	1450
4158	4163	1450
4158	4164	1450
4165	4166	0
4165	4167	1451
4165	4168	1451
4165	4169	1452
4170	4171	182
4172	4170	140
4173	4174	0
4175	4176	1453
4177	4178	74
4175	4179	1454
4175	4180	1455
4173	4181	1456
4173	4182	1456
4173	4183	1456
4173	4184	1456
4173	4185	1456
4173	4186	975
4173	4187	975
4173	4188	975
4173	4189	975
4173	4190	975
4191	4192	0
4193	4194	87
4193	4195	0
4193	4196	617
4197	4198	84
4197	4199	84
4194	4200	0
4194	4201	1459
4194	40	85
4202	4194	1460
4203	4194	1460
4204	4194	1460
4205	4194	1460
4206	4207	1461
4206	4208	541
4194	4209	218
4210	4207	1462
4211	4212	68
4211	4213	68
4211	4214	526
4211	4215	1463
4215	4216	68
4217	4218	1464
4219	4220	1465
4219	4221	1466
4222	4223	1467
4224	4222	124
4225	4222	124
4217	4226	1468
4217	4227	1469
4217	4228	1170
4229	4195	0
4230	4195	0
4237	4238	182
4238	4239	1473
4238	4240	23
4241	4242	1474
4243	4242	1475
4238	4244	1475
4245	4246	0
4245	4247	209
4245	4248	282
4245	4249	1476
4245	4250	1477
4251	4252	282
4251	4253	813
4251	4254	813
4251	4255	813
4251	4256	694
4257	4251	1478
4257	4248	1479
4257	4258	1480
4251	4259	1481
4259	4251	1482
4251	4260	0
4251	4261	91
4262	4263	0
4262	4264	388
4262	4265	1483
4262	232	1484
4262	4266	1485
4262	2377	1486
4262	4267	182
4248	4268	1487
4268	4269	388
4275	4276	0
4275	4277	0
4275	4278	1489
4275	4279	1490
4275	4280	1491
4275	4280	1491
4275	4281	1491
4275	4282	1491
4275	48	1492
4275	1770	1492
1770	4283	1493
4284	4275	1494
4285	4275	1494
4286	4275	1494
4287	4275	1494
4275	4288	1495
4275	4289	1496
4309	4310	0
4309	4311	0
4312	4309	138
4309	4313	99
4309	4314	828
4314	4315	0
4314	4316	440
4317	4318	32
4309	4319	1503
4320	4321	32
4322	4323	0
4322	4324	1504
4322	4325	0
4322	4326	1505
4322	4327	1506
4328	4322	1507
4329	4326	1508
4330	4322	1509
4330	4322	1510
4331	4322	1511
4332	4322	515
4333	4334	1512
4335	4322	1513
4336	4337	1514
4338	4339	1512
4340	4341	1515
4342	4343	1516
4344	4345	363
4359	4360	0
4359	4361	550
4359	4362	550
4359	4363	206
4359	4363	65
4359	928	1526
4364	4365	0
4364	4366	0
4364	4367	1527
4364	4368	0
4369	4369	81
4370	4371	87
4370	4372	1528
4370	4373	0
4370	4374	1529
4375	4371	1530
4376	4371	72
4377	4371	72
4378	4371	72
4379	4371	72
4380	4371	72
4381	4371	72
4382	4371	72
4383	4371	72
4384	4371	72
4385	4371	72
4386	4371	72
4371	4387	1531
4383	4371	1532
4388	4389	259
4390	4391	259
4392	4393	1533
4394	4395	1534
4396	4397	1535
4398	4399	1536
4394	4400	1537
4401	4402	0
4419	4420	0
4419	4421	282
4421	4422	282
4422	4423	282
4423	3373	282
4424	4425	0
4424	4426	1549
4426	4427	282
4427	3373	282
4424	1168	85
4424	4428	29
4424	4429	29
4424	4430	1550
4424	4431	1551
4424	4432	1551
4433	4424	72
4434	4424	72
4435	4424	72
4436	4424	72
4437	4424	72
4438	4424	72
4439	4424	72
4440	4424	72
4441	4424	72
4442	4424	72
4443	4424	72
4444	4424	72
4445	4424	72
4446	4424	72
4447	4448	0
4449	4450	1552
4450	4451	1552
4447	4452	1553
4447	4453	1554
4447	4454	748
4447	4455	748
4447	4456	748
4447	4457	748
4447	4458	748
4459	4460	341
4459	4461	341
4459	4462	0
4463	4462	0
4459	4423	1552
4480	4481	1562
4480	4482	1562
4480	4483	1562
4480	4484	1562
4480	4485	0
4486	4480	1563
4487	4480	1563
4488	4480	1564
4489	4480	1564
4490	4491	0
4491	4492	568
4493	4494	568
4495	4494	568
4496	4494	568
4497	4494	568
4482	4498	747
4482	4488	1565
4482	4489	1566
4482	4499	1567
4482	4500	1567
4482	4501	1567
4482	4502	1567
4503	4504	1568
4503	4505	1569
4506	4507	1570
4508	4507	1570
4508	4509	1571
4508	4510	1571
4511	4512	1572
4512	4513	1573
4513	4514	1307
4513	4515	1307
4516	2015	1574
4517	2537	1575
4518	4519	1576
4518	4520	1576
4521	4522	1577
4523	4524	1578
4525	4526	1579
4527	4528	32
4487	4529	747
4487	4507	241
4540	518	15
4540	4541	93
4540	4542	93
4543	4540	1586
4540	4544	229
4540	56	1587
4540	48	1587
4540	1282	1588
4540	4545	16
4540	4546	83
4546	4547	93
4546	4540	126
4546	4540	1589
4548	4549	1590
4550	48	15
4551	4547	93
4551	4552	93
4551	4553	93
4551	4554	93
4551	4542	93
4551	4555	1590
4556	4551	11
4557	4551	11
4558	4551	11
2835	4551	1589
2471	4551	1589
4559	4551	1589
4560	4551	1591
4561	4551	1591
4562	4551	124
4563	4551	1592
4564	4565	1593
4564	4566	106
4564	4567	6
4568	4567	6
4568	4566	106
4564	4569	1594
4564	4570	1595
4592	1768	15
4592	4593	93
4594	4595	173
4594	4592	95
4596	4592	292
4592	4597	1599
4592	242	1600
4596	4592	95
4598	4592	1601
4592	4599	1602
4598	4600	1603
4598	4601	1603
4602	4592	950
4602	4592	95
4594	4592	950
4603	48	15
4603	4604	93
4603	2620	1604
4605	4603	95
4606	4603	95
4603	4607	1
4607	4608	388
4603	4609	95
4605	4603	1605
4603	4610	1606
4603	2657	1607
4605	4603	95
4603	4606	1002
4603	4611	1608
4603	4612	1609
4613	4614	0
4613	694	1610
4613	4615	1611
4613	4616	1612
4613	4617	1613
4613	4618	1614
4613	4619	93
4613	1246	1615
4613	4620	1616
4635	4636	95
4637	4636	300
4636	4638	1617
4639	4640	1618
4641	4642	1619
4636	4643	1620
4636	4644	334
4636	4645	334
4636	4646	505
4636	4647	1621
4636	4648	508
4648	4636	508
4649	4650	508
4635	4651	95
4652	4651	300
4651	4653	505
4653	1238	0
4651	4654	0
4651	4655	1622
4635	4656	205
4657	4635	1623
4657	4658	264
4657	4646	505
4646	1238	0
4659	4660	1624
4657	4661	205
4657	4662	1625
4657	4663	332
4664	4635	1623
4664	2341	264
4664	4665	505
4665	4666	1626
4664	4659	174
4668	4669	75
4668	888	15
4668	4670	1629
4668	4671	843
4668	4672	843
4668	4673	98
4668	4674	93
4668	11	98
4668	4675	1630
4668	4676	843
4668	40	1631
4668	4677	843
4668	4678	1630
4668	296	1631
4679	4680	75
4681	888	24
4681	4670	1632
4682	4681	94
4681	4683	1238
4681	3604	1633
4684	4681	94
4681	4685	1634
4681	4686	1635
4681	4670	1632
4681	4687	1636
4681	2404	1637
4681	4688	1638
4685	4689	508
4690	4691	98
4690	4692	1639
4690	4693	1640
4690	4694	1641
4690	4695	1642
4707	4708	0
4707	4709	5
4707	4710	25
4707	4711	25
4707	4712	35
4712	4713	25
4707	4714	7
4707	4715	7
4707	4716	7
4707	4717	7
4718	4719	44
4718	3289	15
4718	3959	93
4718	4720	1650
4718	4721	1651
4722	4718	138
4723	4718	5
4724	4718	5
4725	4718	5
4726	4718	5
4727	4718	5
4728	4718	5
4729	4718	5
4730	4731	99
4730	4731	99
4728	4731	99
4728	4731	99
4729	4731	99
4729	4731	99
4718	4732	44
4733	48	15
4733	4734	330
4733	4735	1652
4733	4736	1653
4733	3940	1654
4733	4737	1654
4738	4733	205
4739	4733	377
4740	4733	377
4733	4707	1655
4733	4741	1656
4742	4733	205
4752	4753	75
4752	882	0
4752	880	0
4752	4085	0
4752	48	1657
4754	4752	126
4752	4755	1658
4752	4756	1658
4752	4757	1658
4752	4758	1658
4752	4759	1658
4760	4761	99
4762	4752	94
4763	4764	0
4763	4765	35
4765	4766	611
4752	4767	1659
4768	4769	1660
4768	4770	1660
4768	4755	1660
4768	4771	1661
4752	4772	1662
4752	4773	1663
4752	4774	954
4774	4775	32
4776	4752	1664
4774	4777	113
4778	4779	282
4752	4780	1665
4781	4782	1351
4752	4783	1666
4784	4785	1667
4786	4787	1093
4786	4788	1093
4789	4790	32
4789	4791	1668
4789	4792	1093
4789	4793	72
4789	4794	32
4806	48	15
4806	4807	93
4806	4808	1629
4809	4806	94
4806	4810	1671
4806	4811	1
4806	4812	93
4806	4813	384
4814	4806	209
4806	4815	1672
4816	4817	29
4816	4818	0
4819	4816	1673
4816	1469	21
4816	1469	21
4816	4820	1674
4821	2278	1675
4821	4822	1676
4821	4823	1677
4821	4824	1678
4821	4825	137
4821	4826	137
4827	4815	1679
4827	4815	1679
4827	4828	1680
4828	4829	1336
4828	4815	1681
4830	4815	1682
4831	4832	32
4831	4815	529
692	4831	1683
4833	4815	1684
4834	4815	83
4834	4835	18
4865	4866	0
4865	4867	81
4865	4868	1693
4865	2691	84
4865	4869	1694
4865	1896	300
4865	4870	300
4865	4871	300
4865	4872	300
4871	4870	335
4870	4873	1369
4874	4875	1695
1896	4872	335
4872	4876	1369
4865	4872	300
4877	4878	1111
4879	4877	264
4865	4880	68
4865	2691	1696
4865	4881	1697
4882	4883	1698
4882	4884	1699
4885	4886	1021
518	4886	1021
4885	4887	113
4885	4888	1700
4885	4889	1087
4870	4890	113
4870	4891	334
4870	4892	1701
4893	4894	205
4894	4895	300
4896	4897	0
4896	1992	84
4896	4898	98
1896	1992	1702
4871	518	1702
1992	4899	335
518	4900	335
2691	4901	335
4902	913	300
4885	4903	0
1896	4904	335
4912	4913	32
4912	3545	819
4912	4914	1703
4914	4915	471
4912	4916	1703
4916	4917	471
4912	4918	1703
4918	4917	471
4919	4576	1704
4576	4920	1705
4919	4921	1706
4576	4922	1707
4576	4923	1707
4576	4924	1707
4576	4925	1708
4576	4926	1709
4927	4928	32
4929	4930	1710
4931	4932	1711
4931	4933	1712
4929	4934	1713
4935	4936	1714
4929	4937	1715
4929	4938	1716
4939	4940	32
4939	4941	1717
4939	4942	1717
4939	4943	1718
4939	4944	1719
4945	4946	32
4947	4948	93
4945	4949	503
4939	4950	29
4966	4967	0
4966	4968	307
4969	4970	182
4966	4971	1723
4972	4973	0
4972	4974	1724
4972	4975	1725
4975	4976	1726
4977	4978	1727
4979	4980	1728
4979	4981	722
4979	4982	1259
4979	4983	1729
4984	4985	0
4984	4986	1730
4987	4984	116
4984	4987	1336
4984	4988	0
4984	4989	0
4984	4990	1731
4990	4991	0
4992	4993	0
4992	4994	1732
4992	4995	72
5021	5022	0
5021	5023	5
5021	5024	25
5021	5025	25
5021	5026	25
5021	5027	7
5021	5028	7
5021	5029	7
5021	5030	7
5030	5031	205
5021	5032	7
5021	5033	7
5021	5034	7
5035	106	0
5035	5023	5
5035	5036	7
5036	5035	1744
5035	5037	7
5037	5035	1745
5038	5039	0
5038	5023	5
5038	5040	25
5038	5041	25
5038	5042	7
5038	5043	7
5038	5044	7
5038	5045	7
5038	5046	7
5038	5047	7
5038	71	31
5048	5049	0
5048	5050	5
5048	5051	1746
5048	5052	1746
5048	5053	35
5048	5054	7
5048	5055	7
5048	5056	7
5048	5057	6
5048	481	1747
5048	5053	35
5058	5053	35
5058	106	0
5058	5059	7
5058	5060	7
5058	5023	5
5073	5074	1760
5075	5074	1760
5076	5077	1761
5078	5079	1762
5080	5081	1763
5082	5083	0
5082	5084	1764
5082	5085	0
5082	5086	23
5082	5087	0
5088	5089	23
5090	5091	0
5090	5092	1765
5093	5094	1766
5095	5096	32
5097	5098	818
5099	5100	818
5101	5102	1767
5101	5103	1767
5101	5104	1767
5101	5105	1768
5101	5106	1767
5101	5107	0
5101	5108	568
5101	5109	0
5110	5111	0
5101	5112	0
5101	5113	23
5114	5101	1457
5115	5101	1457
5116	5101	1769
5117	5118	0
5117	5119	1768
5117	5085	0
5117	5120	0
5117	5121	0
5117	5122	0
5123	5124	0
5125	5124	0
5139	5140	32
5139	5141	32
5142	2374	1771
5143	5144	113
5143	5145	32
5143	5146	113
5147	5148	32
5147	5139	113
5149	5150	32
5149	5139	113
5151	5150	32
5151	5139	113
5152	5139	113
5153	5139	113
5154	5155	68
5154	5156	508
5156	5154	75
5154	5156	508
5154	5156	508
5154	5157	72
5154	5157	72
5158	5157	72
5159	5160	617
5161	5162	0
5161	5163	0
5161	2654	3
5164	5165	0
5164	5166	1772
5167	5168	0
5169	5167	508
5161	5167	508
5170	5171	0
5161	5170	508
5172	5173	0
5161	5172	508
5174	5175	0
5174	5176	93
5161	5174	508
5177	5162	0
5182	5183	32
5182	5184	32
5182	5185	1776
5182	5186	1777
5182	5187	1778
5182	5188	1106
5188	5189	1596
5188	5190	1596
5188	5191	1596
5188	5192	1596
5182	5193	1106
5193	5194	1596
5193	5195	1596
5193	5196	1596
5193	5197	1596
5182	5198	417
5182	5199	417
5200	5201	1779
5201	5202	1596
5201	5203	1596
5182	5204	1780
5182	5205	1780
5206	5207	32
5182	5208	1781
5182	5209	1781
5182	5210	1781
5211	5212	32
5211	5213	1782
5211	1039	1783
5211	5214	1784
5215	5211	31
5211	5216	182
5217	5218	508
5218	5219	1785
5211	5220	182
5221	5222	228
5221	5223	1786
5224	5225	811
5224	5226	35
5224	5227	417
5224	5228	417
5224	5229	417
5239	5240	0
5241	5242	1791
5243	5244	1792
5243	5245	1792
5244	5246	1767
5245	5247	1767
5248	5249	1793
5245	2378	1794
5250	5251	1307
5250	5252	1795
5250	5253	0
5254	5255	47
5250	5256	913
5250	5257	1796
5254	5258	1797
5259	5260	28
5261	5262	0
5261	5263	549
435	5261	1112
5264	5261	1798
5265	289	1799
5265	5266	542
5265	5267	1800
5265	5268	1801
5265	5269	1802
5270	5265	1803
5271	5265	1804
5272	5273	1805
5274	5275	0
5274	5276	1806
5277	5278	0
5277	5279	1807
5277	5280	1807
5277	5281	1807
5293	5294	135
5295	5293	1809
5296	5297	0
5293	5296	1810
5293	1588	784
5298	5293	730
5299	1425	0
5299	970	3
5299	5300	106
5301	26	0
5194	5301	1811
1575	5301	1811
5302	5301	1812
5303	5301	1812
1575	5301	1811
1575	5304	94
5304	926	184
5194	5305	95
5194	5304	94
1575	5306	95
5303	5307	74
5307	938	3
5303	5308	74
5308	554	3
5308	5309	1813
5308	5310	1814
5311	5312	0
5311	554	241
5311	5313	95
5311	5314	74
5315	5316	6
5315	5311	1815
5311	5317	1816
5311	5318	1359
5319	1570	0
5319	1039	125
5319	5320	138
5319	5321	138
5320	5319	1817
5321	5319	1818
5320	5303	205
5330	5331	0
5330	5332	719
5333	5330	330
5334	5330	330
5334	5330	330
5330	5330	25
5330	5335	1820
5330	5336	10
5337	4552	0
5337	5330	16
5333	5337	1589
5334	5337	1589
5337	5338	1589
5338	5333	1821
5338	5339	1822
5340	5341	32
5340	2139	1228
5340	5342	1823
5340	5343	1824
2139	5344	165
5345	5346	1823
5345	5347	185
5348	5349	32
5348	5350	471
5348	5351	471
5348	5352	471
5348	5353	471
5348	5354	471
5355	5356	32
5355	5357	1825
5358	1586	471
5359	5356	0
5359	5360	471
5361	5362	0
5361	5363	0
5361	5364	0
5361	5365	16
5361	5366	16
5361	5367	16
5381	5382	0
5381	5383	282
5381	5384	282
5381	5385	325
5381	5386	0
5387	5381	1830
5388	5381	1831
5381	5389	1832
5381	5390	1056
5391	5392	87
5381	5393	1833
5381	5391	1834
5381	5394	1766
5381	5395	1835
5396	5397	1836
5398	5399	72
5400	5399	72
5401	5402	0
5401	5403	1837
5403	5404	1837
5404	5405	1837
5405	48	1837
5401	5406	793
5401	5407	793
5401	5408	1838
5401	5409	1838
5401	5410	1839
5401	5411	1839
5401	5412	1839
5410	5413	1832
5401	5411	1840
5401	5412	1840
5414	5415	1832
5416	5415	1832
5401	1353	3
5401	5417	0
5401	5418	0
5419	5420	314
5420	5421	0
5420	5422	282
5422	5423	282
5437	5438	0
5437	5439	6
5437	5440	5
5437	5441	1849
5437	5442	7
5437	5442	7
5437	5443	7
5437	5443	7
5444	5445	1169
5437	5446	1850
5437	5447	1851
5437	5448	1852
5442	5437	1853
5449	5450	0
5449	5439	6
5449	5451	6
5449	5452	231
5449	5446	31
5453	5454	0
5453	5455	7
5453	5456	7
5453	5457	7
5453	5458	7
5453	5459	7
5453	5460	7
5453	5461	610
5462	5463	0
5464	5465	0
5466	5467	95
5453	3291	35
5468	5469	450
5468	5470	450
5471	5472	32
5471	5473	190
5471	5474	190
5471	5439	818
5471	5475	32
